seq_position,SITE,Event,d18O,d2H,Setting.Type,dxs,ON,month,year
6,JL1,7,-18.251393819049,-135.04736701477,Lake,10.963783537621993,NA,7,2023
7,JL2,7,-18.4536531716519,-136.09176732469,Lake,11.537458048525195,NA,7,2023
8,JL3,7,-18.4193969876445,-135.916249803107,Lake,11.438926098048995,NA,7,2023
9,JL4,7,-18.4201356013439,-135.810076115364,Lake,11.551008695387196,NA,7,2023
10,JL5,7,-18.3637466781392,-135.616850749263,Lake,11.293122675850611,NA,7,2023
11,JL6,7,-18.4292606148209,-135.835578573503,Lake,11.598506345064209,NA,7,2023
12,JL6,7,-18.3642631999353,-135.585235793462,Lake,11.328869806020407,NA,7,2023
13,JL6,7,-18.3473934935262,-135.528814929791,Lake,11.250333018418615,NA,7,2023
14,JL7,7,-18.3528000225536,-135.473828997622,Lake,11.34857118280678,NA,7,2023
15,JL8,7,-18.3367950112016,-135.517962532856,Lake,11.176397556756797,NA,7,2023
16,JL9,7,-18.2860277557683,-135.479941273349,Lake,10.808280772797389,NA,7,2023
17,JL10,7,-18.396792325022,-135.832368368732,Lake,11.34197023144398,NA,7,2023
18,JL11,7,-18.4165945276188,-135.758443133342,Lake,11.574313087608374,NA,7,2023
19,JL12,7,-18.2769970706379,-135.382091963987,Lake,10.83388460111621,NA,7,2023
20,JL13,7,-18.33776616432,-135.550147663008,Lake,11.151981651552006,NA,7,2023
25,JL14,7,-18.3270451245274,-135.512217438474,Lake,11.104143557745203,NA,7,2023
26,JL15,7,-18.3399056206996,-135.510332715764,Lake,11.208912249832792,NA,7,2023
27,JL16,7,-18.2611615627721,-135.105020775032,Lake,10.984271727144801,NA,7,2023
28,1,7,-18.3151154642766,-135.37121437859,Lake.outlet,11.149709335622816,NA,7,2023
29,5,7,-19.2354417495061,-139.993961424148,Stream,13.8895725719008,NA,7,2023
30,7,7,-17.9605521953388,-135.067080844967,Stream,8.617336717743399,NA,7,2023
31,10,7,-19.2464080206277,-139.774323797986,Stream,14.196940367035609,NA,7,2023
32,12,7,-19.4702782049331,-142.251089081317,Stream,13.511136558147797,NA,7,2023
33,14,7,-19.1590967848513,-141.365501263661,Stream,11.9072730151494,NA,7,2023
34,14,7,-19.254201764575,-141.5502921879,Stream,12.483321928700008,NA,7,2023
35,14,7,-19.2221511577065,-141.50109684665,Stream,12.27611241500199,NA,7,2023
36,15,7,-18.2580202483809,-135.043237321006,River,11.020924666041225,NA,7,2023
37,16,7,-19.1522379908517,-139.122028925239,Stream,14.095875001574598,NA,7,2023
38,17,7,-19.1717622298059,-138.999166998215,Stream,14.374930840232196,NA,7,2023
39,19,7,-19.4095059145859,-140.115782879508,Stream,15.160264437179194,NA,7,2023
6,20,7,-18.9082629423392,-138.531582823937,Stream,12.734520714776608,NA,7,2023
7,22,7,-19.4763743832391,-142.706666697529,Stream,13.104328368383818,NA,7,2023
8,24,7,-19.0237143745146,-140.01660824018,Stream,12.1731067559368,NA,7,2023
9,26E,7,-18.70502841328,-138.506218189632,Stream,11.134009116608013,NA,7,2023
10,26E,7,-18.7999985769791,-138.781889249413,Stream,11.618099366419784,NA,7,2023
11,26E,7,-18.7926184517925,-138.810009330688,Stream,11.530938283652006,NA,7,2023
13,26W,7,-18.9544736006137,-141.125348519743,Stream,10.510440285166595,NA,7,2023
14,27,7,-18.7358339562768,-138.867024103731,Stream,11.019647546483384,NA,7,2023
15,30,7,-19.3172162891906,-142.391364139162,Stream,12.14636617436281,NA,7,2023
20,33,7,-18.5115600020942,-137.940981096198,Stream,10.15149892055561,NA,7,2023
21,34,7,-19.2791868841424,-140.671677157324,Stream,13.561817915815197,NA,7,2023
22,38,7,-19.5733504522749,-143.027511350702,Stream,13.559292267497199,NA,7,2023
23,39,7,-19.5944431785249,-143.752223828049,Stream,13.003321600150201,NA,7,2023
24,39,7,-19.6286651226465,-143.778556827359,Stream,13.25076415381298,NA,7,2023
25,39,7,-19.6418693690984,-143.757862450432,Stream,13.377092502355225,NA,7,2023
27,40,7,-18.9970811516818,-139.870983303505,Stream,12.105665909949408,NA,7,2023
28,41,7,-18.0965095814851,-134.551416849325,Stream,10.220659802555815,NA,7,2023
29,AMK.Ranch,7,-18.5024083485758,-139.258118745465,AMK Tap,8.76114804314139,NA,7,2023
6,JL1,8,-16.4258228017481,-126.703950968276,Lake,4.702631445708803,NA,8,2023
7,JL2,8,-16.9537717411829,-130.047592321098,Lake,5.582581608365217,NA,8,2023
8,JL3,8,-16.8984753997072,-129.944730606497,Lake,5.2430725911605975,NA,8,2023
9,JL4,8,-17.0723887305769,-130.527697895022,Lake,6.051411949593216,NA,8,2023
10,JL4,8,-17.0973686869505,-130.66885439522,Lake,6.110095100384001,NA,8,2023
11,JL4,8,-17.1378440187348,-130.697326417632,Lake,6.4054257322463855,NA,8,2023
13,JL5,8,-16.9076201297321,-129.732924354317,Lake,5.528036683539796,NA,8,2023
14,JL6,8,-17.051216754812,-130.483740087482,Lake,5.925993951013993,NA,8,2023
15,JL7,8,-17.0405693608833,-130.430360213856,Lake,5.894194673210393,NA,8,2023
20,JL8,8,-17.1992470829469,-130.090105659203,Lake,7.503871004372201,NA,8,2023
21,JL9,8,-17.1236176996833,-130.040633624228,Lake,6.9483079732384,NA,8,2023
22,JL10,8,-17.0998177741224,-129.930809587198,Lake,6.867732605781185,NA,8,2023
23,JL11,8,-17.0640230649889,-130.302080096759,Lake,6.210104423152188,NA,8,2023
24,JL11,8,-17.0524844653337,-130.324666438517,Lake,6.095209284152588,NA,8,2023
25,JL11,8,-17.0361870509483,-130.352664407764,Lake,5.936831999822402,NA,8,2023
27,JL12,8,-17.1140053723417,-130.765732820079,Lake,6.1463101586546145,NA,8,2023
28,JL13,8,-17.0401694079042,-131.769447417179,Lake,4.551907846054604,NA,8,2023
29,JL14,8,-17.3589809790124,-131.813562691961,Lake,7.058285140138196,NA,8,2023
6,JL14,8,-17.0372771290788,-130.163003098096,Lake,6.1352139345343915,NA,8,2023
7,JL15,8,-16.9230642460427,-129.155339226261,Lake,6.229174742080602,NA,8,2023
8,JL16,8,-17.0684890242383,-130.144757975102,Lake,6.403154218804389,NA,8,2023
9,1,8,-17.2597420425409,-131.057618761015,Lake.outlet,7.020317579312206,NA,8,2023
10,1,8,-17.25488829902,-131.089325979057,Lake.outlet,6.949780413102985,NA,8,2023
11,1,8,-17.2724373888332,-131.090519833829,Lake.outlet,7.0889792768365965,NA,8,2023
13,3,8,-18.2660260892591,-134.527629892023,Stream,11.600578822049812,NA,8,2023
14,5,8,-18.3664469564379,-135.23105323615,Stream,11.70052241535322,NA,8,2023
15,7,8,-17.297275634073,-130.972146984141,Stream,7.40605808844299,NA,8,2023
20,10,8,-17.6832110843738,-131.002160225258,Stream,10.463528449732394,NA,8,2023
21,12,8,-18.2841055091151,-135.989808855658,Stream,10.283035217262807,NA,8,2023
22,14,8,-18.1755149353695,-135.742373994351,Stream,9.661745488604993,NA,8,2023
23,15,8,-16.7844382947049,-127.055217459927,River,7.220288897712194,NA,8,2023
24,15,8,-16.7703297776697,-127.074395751,River,7.0882424703576135,NA,8,2023
25,15,8,-16.7664909613342,-127.186010235928,River,6.945917454745597,NA,8,2023
27,16,8,-18.0430440447549,-132.831692690141,Stream,11.512659667898191,NA,8,2023
28,17,8,-17.6079844332813,-129.883711867137,Stream,10.980163599113382,NA,8,2023
29,19,8,-18.1434068569992,-133.674971501832,Stream,11.47228335416159,NA,8,2023
6,20,8,-17.4714725483521,-128.363784212019,Stream,11.407996174797802,NA,8,2023
7,22,8,-18.3453353715918,-134.22821695075,Stream,12.5344660219844,NA,8,2023
8,24,8,-17.835010332783,-131.671278313649,Stream,11.008804348615001,NA,8,2023
9,26W,8,-18.389768992929,-136.228915008024,Stream,10.889236935408007,NA,8,2023
10,26W,8,-18.4479932666104,-136.231489839196,Stream,11.352456293687197,NA,8,2023
11,26W,8,-18.4307718632119,-136.19249119459,Stream,11.253683711105197,NA,8,2023
13,26E,8,-18.1402460367818,-133.844032718896,Stream,11.277935575358413,NA,8,2023
14,27,8,-17.4579755887147,-127.666980906192,Stream,11.9968238035256,NA,8,2023
15,30,8,-18.2440362622733,-134.495959166761,Stream,11.456330931425413,NA,8,2023
20,33,8,-17.2532133850016,-129.722383956278,Stream,8.303323123734799,NA,8,2023
21,34,8,-18.6900835372032,-136.493034048126,Stream,13.027634249499613,NA,8,2023
22,38,8,-18.2291582529506,-133.042860565707,Stream,12.790405457897805,NA,8,2023
23,39,8,-18.3037923484898,-134.29987445308,Stream,12.130464334838393,NA,8,2023
24,39,8,-18.2489799342125,-134.2126647284,Stream,11.779174745299997,NA,8,2023
25,39,8,-18.2228327100052,-134.087605421212,Stream,11.695056258829595,NA,8,2023
27,40,8,-17.7382341287824,-130.35423542392,Stream,11.551637606339199,NA,8,2023
28,42,8,-18.7136941795886,-137.753762076683,Stream,11.955791360025813,NA,8,2023
29,JL17,8,-17.0896893002542,-130.261470080347,Lake,6.456044321686591,NA,8,2023
6,JL18,8,-16.9967834061817,-129.993238010167,Lake,5.981029239286585,NA,8,2023
7,JL19,8,-17.0529623260408,-130.065006231295,Lake,6.358692377031389,NA,8,2023
8,JL20,8,-16.98341988731,-129.502612703041,Lake,6.364746395438999,NA,8,2023
9,JL21,8,-16.9066583990685,-128.902799699057,Lake,6.35046749349101,NA,8,2023
10,JL21,8,-16.9691060379883,-129.818816354185,Lake,5.934031949721401,NA,8,2023
11,JL21,8,-16.9496219065293,-129.92633521513,Lake,5.670640037104391,NA,8,2023
13,JL22,8,-17.0023047245302,-129.77200502198,Lake,6.246432774261621,NA,8,2023
14,JL24,8,-16.8719413841782,-128.977022651754,Lake,5.998508421671602,NA,8,2023
15,JL25,8,-16.7096413525021,-128.020770131615,Lake,5.656360688401804,NA,8,2023
20,JL26,8,-16.8774152445362,-127.799283226923,Lake,7.220038729366593,NA,8,2023
21,JL27,8,-17.0769833810455,-129.309996249515,Lake,7.305870798849014,NA,8,2023
22,JL28,8,-17.121382158301,-129.981448301196,Lake,6.989608965212,NA,8,2023
23,JL29,8,-17.1104271782335,-129.794344924415,Lake,7.089072501453018,NA,8,2023
24,JL29,8,-17.0970336051334,-129.86416912535,Lake,6.912099715717204,NA,8,2023
25,JL29,8,-17.1103577203105,-129.859407933747,Lake,7.02345382873699,NA,8,2023
27,JL30,8,-17.1074893634791,-130.084331046704,Lake,6.775583861128808,NA,8,2023
28,JL31,8,-17.1476148758471,-130.571031238842,Lake,6.609887767934794,NA,8,2023
29,JL32,8,-17.143178952276,-130.480651375361,Lake,6.6647802428470015,NA,8,2023
6,JL33,8,-17.0835237572711,-130.298529096789,Lake,6.369660961379793,NA,8,2023
7,JL34,8,-16.9895398643045,-129.839963988612,Lake,6.076354925824006,NA,8,2023
8,JL35,8,-17.0250033295638,-130.27585998285,Lake,5.924166653660393,NA,8,2023
9,JL36,8,-16.9912207038331,-130.271657682616,Lake,5.658107948048809,NA,8,2023
10,JL36,8,-17.0482654944465,-130.258724436499,Lake,6.127399519073009,NA,8,2023
11,JL36,8,-17.0155887172347,-130.25633526023,Lake,5.868374477647592,NA,8,2023
13,JL37,8,-17.0565118771205,-130.251158392826,Lake,6.200936624137995,NA,8,2023
14,JL38,8,-17.1301544154242,-130.533893022839,Lake,6.507342300554598,NA,8,2023
15,JL39,8,-17.1052430892696,-130.332721703757,Lake,6.509223010399808,NA,8,2023
20,JL40,8,-17.0433725174641,-129.69386162696,Lake,6.653118512752798,NA,8,2023
21,JL41,8,-17.035656925034,-129.622259082198,Lake,6.6629963180739935,NA,8,2023
22,JL42,8,-17.1223157422299,-130.475444247246,Lake,6.503081690593206,NA,8,2023
23,JL43,8,-17.020977817724,-130.034088757628,Lake,6.133733784163979,NA,8,2023
24,JL43,8,-16.9943842182702,-130.085964454381,Lake,5.869109291780575,NA,8,2023
25,JL43,8,-17.0386389112167,-130.125131047239,Lake,6.183980242494613,NA,8,2023
27,JL44,8,-17.1269942776768,-130.619171140944,Lake,6.3967830804704136,NA,8,2023
28,JL45,8,-17.0226742045346,-129.882115109342,Lake,6.299278526934785,NA,8,2023
29,JL46,8,-17.1481225739813,-130.580181429009,Lake,6.6047991628414024,NA,8,2023
6,JL47,8,-16.938035394509,-129.224300050821,Lake,6.279983105251006,NA,8,2023
7,JL48,8,-16.9901028274788,-129.859570621786,Lake,6.061251998044412,NA,8,2023
8,JL49,8,-17.1771025505766,-130.313415039668,Lake,7.103405364944791,NA,8,2023
9,JL50,8,-17.1992093128441,-130.535307201326,Lake,7.058367301426813,NA,8,2023
10,JL50,8,-17.0822483974031,-130.40860157487,Lake,6.249385604354785,NA,8,2023
11,JL50,8,-16.8670230356256,-130.399538363241,Lake,4.536645921763807,NA,8,2023
13,JL51,8,-17.2882353928813,-130.937224769942,Lake,7.368658373108417,NA,8,2023
14,JL52,8,-17.512827290852,-131.00444397511,Lake,9.098174351706007,NA,8,2023
15,JL53,8,-16.8431950578713,-130.003088684949,Lake,4.7424717780213825,NA,8,2023
20,JL54,8,-16.9689392703836,-129.622615458147,Lake,6.128898704921795,NA,8,2023
21,JL55,8,-16.6404567035741,-128.059901482306,Lake,5.063752146286788,NA,8,2023
22,JL56,8,-17.1187695366187,-130.225424145493,Lake,6.724732147456592,NA,8,2023
23,JL57,8,-16.9440818575128,-130.109136052423,Lake,5.443518807679396,NA,8,2023
24,JL57,8,-16.9212468895977,-130.146899606804,Lake,5.223075509977605,NA,8,2023
25,JL57,8,-16.9472560657194,-130.255645007348,Lake,5.322403518407214,NA,8,2023
27,JL58,8,-17.0737541517817,-130.557875638328,Lake,6.032157575925595,NA,8,2023
28,JL59,8,-16.9310796461865,-130.0230240541,Lake,5.425613115391997,NA,8,2023
29,JL60,8,-16.9839167336919,-130.114883106309,Lake,5.756450763226184,NA,8,2023
6,AMK Ranch,8,-18.3040490499124,-138.148916063493,AMK Tap,8.2834763358062,NA,8,2023
7,AMK Ranch,8,-18.3661564830848,-138.281960482509,AMK Tap,8.647291382169414,NA,8,2023
8,JL2,9,-16.8703613060349,-128.668719462248,Lake,6.294170986031219,NA,9,2023
9,JL3,9,-16.9400866068319,-129.370561265683,Lake,6.150131588972215,NA,9,2023
10,JL3,9,-16.8524344189741,-129.407397259575,Lake,5.412078092217797,NA,9,2023
11,JL3,9,-16.950202602345,-129.483325912934,Lake,6.118294905826019,NA,9,2023
13,JL4,9,-16.9817842518441,-129.400634817066,Lake,6.453639197686812,NA,9,2023
14,JL5,9,-16.9574841979116,-129.449468370172,Lake,6.210405213120794,NA,9,2023
15,JL6,9,-16.9525860183818,-129.650917361769,Lake,5.969770785285419,NA,9,2023
20,JL7,9,-16.90978608064,-128.943674709844,Lake,6.334613935275996,NA,9,2023
21,JL8,9,-16.9027497364119,-129.116317402835,Lake,6.1056804884601945,NA,9,2023
22,JL9,9,-16.9888675711509,-128.981449734276,Lake,6.929490834931215,NA,9,2023
23,JL10,9,-16.9582155516155,-129.023521055837,Lake,6.6422033570869985,NA,9,2023
24,JL10,9,-16.8991524912522,-128.932211093472,Lake,6.261008836545585,NA,9,2023
25,JL10,9,-16.938962852139,-129.102853500421,Lake,6.408849316691004,NA,9,2023
27,JL11,9,-17.1512713213559,-129.474513964299,Lake,7.73565660654819,NA,9,2023
28,JL12,9,-17.0493376282373,-129.600075213972,Lake,6.794625811926409,NA,9,2023
29,JL13,9,-17.0203794461176,-129.683691456619,Lake,6.479344112321826,NA,9,2023
6,JL14,9,-16.8848895249167,-129.163493121885,Lake,5.9156230774486005,NA,9,2023
7,JL15,9,-16.6874071431604,-128.183871014725,Lake,5.315386130558181,NA,9,2023
8,JL16,9,-16.8106351347725,-129.013693614594,Lake,5.471387463586012,NA,9,2023
9,1,9,-16.9227389074475,-129.334705304402,Lake.outlet,6.047205955177986,NA,9,2023
10,1,9,-16.83620747067,-129.305726836059,Lake.outlet,5.383932929301011,NA,9,2023
11,1,9,-16.9203257665456,-129.377834367454,Lake.outlet,5.984771764910789,NA,9,2023
13,3,9,-16.9088539042992,-123.970776432683,Stream,11.300054801710601,NA,9,2023
14,5,9,-18.4279023026605,-136.675156602194,Stream,10.748061819089997,NA,9,2023
15,7,9,-17.4413260347678,-132.195732647372,Stream,7.334875630770398,NA,9,2023
20,10,9,-17.7220693009371,-132.775978139334,Stream,9.000576268162803,NA,9,2023
21,12,9,-17.0858248979614,-126.56965528762,Stream,10.116943896071191,NA,9,2023
22,14,9,-16.5850578344047,-124.554843930434,Stream,8.125618744803603,NA,9,2023
23,15,9,-16.7857321876637,-126.095363556333,River,8.190493944976609,NA,9,2023
24,15,9,-16.6244100042706,-126.092950150193,River,6.902329883971802,NA,9,2023
25,15,9,-16.7041953686655,-126.164111300608,River,7.469451648715989,NA,9,2023
27,16,9,-17.7328237359252,-130.546991866125,Stream,11.3155980212766,NA,9,2023
28,17,9,-17.3792819596251,-127.220187879443,Stream,11.814067797557797,NA,9,2023
29,19,9,-18.3430421381153,-134.702613459659,Stream,12.041723645263403,NA,9,2023
6,20,9,-17.8445569956627,-131.212905706215,Stream,11.5435502590866,NA,9,2023
7,24,9,-18.1973180770591,-134.523630351858,Stream,11.054914264614808,NA,9,2023
8,26E,9,-18.3045346767598,-135.242642113281,Stream,11.19363530079741,NA,9,2023
9,26W,9,-18.6952925985029,-137.835955648512,Stream,11.726385139511194,NA,9,2023
10,26W,9,-18.5837147596194,-137.802123260909,Stream,10.867594816046193,NA,9,2023
11,26W,9,-18.6748759577292,-137.944351521936,Stream,11.454656139897594,NA,9,2023
13,27,9,-17.4948691287137,-128.74758315353,Stream,11.211369876179589,NA,9,2023
14,30,9,-17.8734081754972,-132.40224638961,Stream,10.585019014367589,NA,9,2023
15,33,9,-16.456926291858,-121.87187245586,Stream,9.783537879004001,NA,9,2023
20,34,9,-18.4497377226986,-134.408658864875,Stream,13.189242916713795,NA,9,2023
21,38,9,-18.235326101761,-133.191657791095,Stream,12.690951022993005,NA,9,2023
22,40,9,-17.5566256970112,-129.078559909652,Stream,11.374445666437595,NA,9,2023
23,42,9,-18.9189392796238,-139.353675349416,Stream,11.997838887574403,NA,9,2023
24,42,9,-18.8970423231816,-139.404981054284,Stream,11.771357531168803,NA,9,2023
25,42,9,-18.8685340782444,-139.420421908899,Stream,11.527850717056225,NA,9,2023
27,AMK Ranch,9,-18.5118871502497,-138.141830886739,AMK Tap,9.953266315258588,NA,9,2023
28,JL17,9,-16.9374714181754,-129.397379238398,Lake,6.102392107005187,NA,9,2023
29,JL18,9,-17.0692645395062,-129.543755759204,Lake,7.010360556845598,NA,9,2023
6,JL19,9,-16.9756243007005,-129.173131495886,Lake,6.631862909717995,NA,9,2023
7,JL20,9,-16.9379533257327,-128.792711913463,Lake,6.710914692398603,NA,9,2023
8,JL26,9,-16.4600850769813,-125.938189193915,Lake,5.742491421935412,NA,9,2023
9,JL27,9,-16.9675985040876,-128.957188528873,Lake,6.783599503827816,NA,9,2023
10,JL27,9,-16.9796013605463,-129.025502615053,Lake,6.811308269317408,NA,9,2023
11,JL27,9,-16.947221948904,-128.952444295412,Lake,6.625331295820018,NA,9,2023
13,JL28,9,-16.9894437374533,-129.332854526761,Lake,6.582695372865402,NA,9,2023
14,JL29,9,-16.9117188478227,-128.893322831026,Lake,6.400427951555599,NA,9,2023
15,JL30,9,-17.0208685755719,-129.202306287782,Lake,6.964642316793203,NA,9,2023
20,JL31,9,-17.0134412598758,-128.808851878467,Lake,7.298678200539399,NA,9,2023
21,JL32,9,-16.9058178252045,-129.058658328702,Lake,6.1878842729340136,NA,9,2023
22,JL33,9,-16.9541062161613,-129.207658658551,Lake,6.425191070739402,NA,9,2023
23,JL34,9,-16.9653340917076,-129.254562518747,Lake,6.468110214913793,NA,9,2023
24,JL34,9,-16.9432166694898,-129.280096156775,Lake,6.265637199143413,NA,9,2023
25,JL34,9,-16.9701602149505,-129.299590635486,Lake,6.4616910841180015,NA,9,2023
27,JL35,9,-16.93639540364,-129.243075674899,Lake,6.2480875542210015,NA,9,2023
28,JL36,9,-16.9545698763206,-129.148694283764,Lake,6.487864726800808,NA,9,2023
29,JL37,9,-16.9058128691274,-128.992406885017,Lake,6.254096068002184,NA,9,2023
6,JL38,9,-16.8987062886744,-128.591838364743,Lake,6.597811944652193,NA,9,2023
7,JL39,9,-16.8265985555459,-128.309148600156,Lake,6.3036398442112045,NA,9,2023
8,JL40,9,-17.0392862167637,-129.064741779815,Lake,7.249547954294599,NA,9,2023
9,JL41,9,-16.9603251151969,-128.8899398751,Lake,6.792661046475189,NA,9,2023
10,JL41,9,-16.8189878102099,-128.878828079021,Lake,5.673074402658216,NA,9,2023
11,JL41,9,-16.8817206102353,-128.934145618624,Lake,6.119619263258386,NA,9,2023
13,JL42,9,-17.0498072473761,-129.474599380561,Lake,6.923858598447822,NA,9,2023
14,JL43,9,-16.9958313916643,-129.228817488002,Lake,6.737833645312406,NA,9,2023
15,JL44,9,-16.9484074765386,-128.859827634179,Lake,6.7274321781297886,NA,9,2023
20,JL45,9,-16.9437561752359,-128.416399399287,Lake,7.133650002600206,NA,9,2023
21,JL46,9,-16.943569732138,-129.031503483808,Lake,6.517054373295991,NA,9,2023
22,JL47,9,-16.7748034484288,-128.705659067294,Lake,5.492768520136394,NA,9,2023
23,JL48,9,-16.8290358302411,-129.275910306341,Lake,5.356376335587811,NA,9,2023
24,JL48,9,-16.9087602885379,-129.300666584518,Lake,5.9694157237851755,NA,9,2023
25,JL48,9,-16.9750490335418,-129.28513125913,Lake,6.5152610092044085,NA,9,2023
27,JL50,9,-16.913451321941,-128.958325214342,Lake,6.349285361185991,NA,9,2023
28,JL51,9,-17.0063500341877,-129.344254047056,Lake,6.706546226445596,NA,9,2023
29,JL52,9,-16.9351179560906,-129.251542646979,Lake,6.229401001745799,NA,9,2023
6,JL53,9,-16.9977650916586,-129.346028641023,Lake,6.6360920922458035,NA,9,2023
7,JL54,9,-16.9199976245258,-129.106506391449,Lake,6.2534746047574,NA,9,2023
8,JL56,9,-16.9311637519496,-128.781164694742,Lake,6.668145320854819,NA,9,2023
9,JL57,9,-16.9670634973689,-129.285930400283,Lake,6.450577578668202,NA,9,2023
10,JL57,9,-16.9867110763134,-129.383955495131,Lake,6.509733115376207,NA,9,2023
11,JL57,9,-16.9833807971999,-129.376744717414,Lake,6.490301660185196,NA,9,2023
13,JL61,9,-16.7634766707812,-128.6414707748,Lake,5.466342591449575,NA,9,2023
14,JL62,9,-16.7382354682406,-128.191039544508,Lake,5.71484420141681,NA,9,2023
20,GV.SP.0,9,-17.5693136684793,-129.47644486942,Snow Pack,11.078064478414404,NA,9,2023
21,GV.SP.10,9,-16.5646515084002,-123.653177193175,Snow Pack,8.8640348740266,NA,9,2023
22,GV.SP.20,9,-16.8252752730196,-125.440141492115,Snow Pack,9.162060692041791,NA,9,2023
23,JL58,9,-16.9261127107865,-129.073796533522,Lake,6.335105152770012,NA,9,2023
24,JL58,9,-16.9466986514625,-129.114119395018,Lake,6.459469816682002,NA,9,2023
25,JL58,9,-16.9164334387706,-129.189264653625,Lake,6.142202856539797,NA,9,2023
27,GV.SP.40,9,-16.7394778440613,-124.400340970452,Snow Pack,9.515481782038407,NA,9,2023
28,GV.SP30,9,-16.8604919121661,-125.151182206927,Snow Pack,9.7327530904018,NA,9,2023
29,JL59,9,-16.8194414719387,-128.896390042455,Lake,5.659141733054582,NA,9,2023
30,JL60,9,-16.8264309055898,-129.029283454225,Lake,5.582163790493382,NA,9,2023
6,JL17,10,-17.6957890175661,-132.387694603898,Lake,9.178617536630782,NA,6,2024
7,JL18,10,-17.7144632955126,-132.44559334056,Lake,9.270113023540802,NA,6,2024
8,JL19,10,-17.7536136115034,-132.632454160266,Lake,9.396454731761196,NA,6,2024
9,JL20,10,-17.8288758818613,-132.905502820989,Lake,9.725504233901404,NA,6,2024
10,JL21,10,-17.9898423965665,-133.745637724464,Lake,10.173101448068024,NA,6,2024
11,JL22,10,-17.7822334658797,-132.767329960549,Lake,9.490537766488586,NA,6,2024
13,JL26,10,-18.2970700896966,-135.1217694676,Lake,11.254791249972811,NA,6,2024
14,JL27,10,-18.0343826446209,-134.102491666654,Lake,10.172569490313208,NA,6,2024
15,JL28,10,-17.7557522402724,-132.615596637728,Lake,9.4304212844512,NA,6,2024
20,JL38,10,-17.6259979290404,-131.686994495452,Lake,9.320988936871174,NA,6,2024
21,JL29,10,-17.7050113973332,-132.301077577431,Lake,9.339013601234626,NA,6,2024
22,JL30,10,-17.7116074532253,-132.472732404827,Lake,9.2201272209754,NA,6,2024
23,JL31,10,-17.7749518581643,-132.621234794901,Lake,9.578380070413402,NA,6,2024
24,JL32,10,-17.7097422513079,-132.333657536342,Lake,9.344280474121206,NA,6,2024
25,JL33,10,-17.7034548735693,-132.54987932038,Lake,9.077759668174394,NA,6,2024
27,JL34,10,-17.6740672671559,-132.568973162114,Lake,8.823564975133195,NA,6,2024
28,JL35,10,-17.7051054706466,-132.430594358457,Lake,9.210249406715803,NA,6,2024
29,JL36,10,-17.7076520798392,-132.509485005733,Lake,9.151731632980585,NA,6,2024
6,JL37,10,-17.5742011359794,-132.030752877466,Lake,8.562856210369205,NA,6,2024
7,JL39,10,-17.5234487919953,-131.854502733766,Lake,8.3330876021964,NA,6,2024
8,JL40,10,-17.5918906530732,-132.146578254136,Lake,8.588546970449613,NA,6,2024
9,JL41,10,-17.4432070150727,-131.780471179003,Lake,7.76518494157861,NA,6,2024
10,JL42,10,-17.3561166474441,-131.521359302037,Lake,7.327573877515789,NA,6,2024
11,JL43,10,-17.3363533006011,-131.252625954595,Lake,7.438200450213799,NA,6,2024
13,JL44,10,-17.304940183144,-131.216667825601,Lake,7.222853639551005,NA,6,2024
14,JL45,10,-17.3208623322313,-131.265284688583,Lake,7.301613969267407,NA,6,2024
15,JL46,10,-17.3343085327977,-131.165534416994,Lake,7.508933845387588,NA,6,2024
20,JL47,10,-17.2891762088022,-130.663964470011,Lake,7.649445200406603,NA,6,2024
21,JL48,10,-17.3404232315469,-130.783403969249,Lake,7.939981883126194,NA,6,2024
22,JL50,10,-17.2991798209454,-130.973041367794,Lake,7.420397199769212,NA,6,2024
23,WP51,10,-17.4766578746577,-132.032143362269,Lake,7.781119634992592,NA,6,2024
24,JL51,10,-17.3400981657017,-131.340964093527,Lake,7.379821232086613,NA,6,2024
25,WP52,10,-17.527670979165,-132.012435115332,Lake,8.208932717987977,NA,6,2024
27,JL52,10,-17.5637565801357,-131.676201982229,Lake,8.83385065885659,NA,6,2024
28,WP53,10,-17.8055551332385,-132.752844304579,Lake,9.69159676132898,NA,6,2024
29,JL53,10,-17.4556038915518,-131.280210554201,Lake,8.36462057821339,NA,6,2024
6,WP54,10,-18.102613518385,-134.442842981986,Lake,10.378065165094,NA,6,2024
7,JL54,10,-17.2982686460334,-130.763928496848,Lake,7.6222206714192,NA,6,2024
8,WP55,10,-17.6608765369999,-132.354467827049,Lake,8.932544468950198,NA,6,2024
9,JL55,10,-17.2247583163016,-130.517561739699,Lake,7.280504790713792,NA,6,2024
10,WP56,10,-17.5349314506035,-132.039518652915,Lake,8.239932951913005,NA,6,2024
11,JL56,10,-17.3864577623428,-131.553991335389,Lake,7.537670763353418,NA,6,2024
13,WP57,10,-17.6081460207642,-132.227493890572,Lake,8.637674275541599,NA,6,2024
14,JL57,10,-17.4416919791036,-131.624210796545,Lake,7.9093250362838035,NA,6,2024
15,JL58,10,-17.5604485605222,-132.039538300446,Lake,8.444050183731605,NA,6,2024
20,WP59,10,-17.4729253588645,-131.217795796967,Lake,8.565607073948996,NA,6,2024
21,JL59,10,-17.5450798325654,-131.929484593336,Lake,8.43115406718718,NA,6,2024
22,WP60,10,-17.5041375389765,-132.014499477769,Lake,8.018600834043013,NA,6,2024
23,JL60,10,-17.5290848156748,-132.093407636402,Lake,8.139270888996407,NA,6,2024
24,WP61,10,-17.329978058341,-131.263222073162,Lake,7.376602393565975,NA,6,2024
25,WP62,10,-17.3081799481113,-131.361591318807,Lake,7.103848266083389,NA,6,2024
27,WP63,10,-17.5009337471424,-131.671234109858,Lake,8.336235867281204,NA,6,2024
28,WP64,10,-17.4483028903958,-131.576162080887,Lake,8.01026104227941,NA,6,2024
29,WP65,10,-17.4496760956809,-131.582441142711,Lake,8.014967622736208,NA,6,2024
6,WP66,10,-17.4036692664238,-130.969366777705,Lake,8.259987353685403,NA,6,2024
7,1,10,-17.3631037380565,-131.238074231228,Lake.outlet,7.6667556732239746,NA,6,2024
8,5,10,-18.7159954691396,-137.081028906962,Stream,12.646934846154807,NA,6,2024
9,10,10,-18.6757149814718,-136.872970316267,Stream,12.532749535507406,NA,6,2024
10,12,10,-18.1047413775251,-138.021311756065,Stream,6.816619264135824,NA,6,2024
11,14,10,-17.8320185957343,-138.710029498252,Stream,3.9461192676224073,NA,6,2024
13,15,10,-17.9199982544769,-134.223182513331,River,9.1368035224842,NA,6,2024
14,16,10,-18.2995651249145,-135.313109576537,Stream,11.083411422779022,NA,6,2024
15,17,10,-18.2850530620095,-135.281377814625,Stream,10.999046681451006,NA,6,2024
20,19,10,-18.3717306265246,-134.668186348081,Stream,12.305658664115782,NA,6,2024
21,20,10,-18.666724482033,-136.828842628512,Stream,12.504953227751997,NA,6,2024
22,22,10,-18.9169323382827,-138.242470978451,Stream,13.092987727810595,NA,6,2024
23,26,10,-18.6578671175078,-136.891398097908,Stream,12.371538842154393,NA,6,2024
24,27,10,-18.6414964050825,-136.112015318753,Stream,13.019955921906984,NA,6,2024
25,30,10,-18.8623639417292,-138.860305931465,Stream,12.038605602368591,NA,6,2024
27,33,10,-18.5587967477609,-138.702635702703,Stream,9.767738279384218,NA,6,2024
28,34,10,-18.8285552629488,-138.327432494973,Stream,12.301009608617392,NA,6,2024
29,38,10,-19.085085887551,-139.560363464418,Stream,13.12032363598999,NA,6,2024
6,39,10,-19.0859955869023,-139.548625820008,Stream,13.139338875210399,NA,6,2024
7,JL2,11,-17.4230811842993,-131.437765771611,Lake,7.946883702783396,NA,7,2024
8,JL3,11,-17.4102614794951,-131.340040837611,Lake,7.942050998349799,NA,7,2024
9,JL4,11,-17.3491072927943,-131.141831691959,Lake,7.6510266503954085,NA,7,2024
10,JL5,11,-17.2989723383682,-130.99715729219,Lake,7.394621414755591,NA,7,2024
11,JL6,11,-17.2802415324984,-130.886382260024,Lake,7.355549999963216,NA,7,2024
13,JL7,11,-17.2647403806928,-130.707783946496,Lake,7.410139099046404,NA,7,2024
14,JL8,11,-17.3478427627748,-131.008775361586,Lake,7.773966740612394,NA,7,2024
15,JL10,11,-17.3630349120904,-131.24822093679,Lake,7.6560583599331835,NA,7,2024
20,JL11,11,-17.3132808516446,-130.644204729135,Lake,7.862042084021795,NA,7,2024
21,JL12,11,-17.2382735502793,-130.356021380545,Lake,7.55016702168939,NA,7,2024
22,JL13,11,-17.2752768128908,-130.588471920961,Lake,7.613742582165401,NA,7,2024
23,JL14,11,-17.3286610409134,-130.971177780013,Lake,7.6581105472942,NA,7,2024
24,JL15,11,-17.2648862035337,-130.849900256405,Lake,7.269189371864599,NA,7,2024
25,JL16,11,-17.2387111044096,-130.678426377509,Lake,7.231262457767798,NA,7,2024
27,JL17,11,-17.3895548167719,-131.228275991965,Lake,7.888162542210182,NA,7,2024
28,JL18,11,-17.3810470604412,-131.224034161777,Lake,7.824342321752596,NA,7,2024
29,JL19,11,-17.3893096594303,-131.237030277214,Lake,7.877446998228407,NA,7,2024
6,JL20,11,-17.0976800096781,-130.12280668918,Lake,6.658633388244795,NA,7,2024
7,JL21,11,-17.3547726401629,-131.134066315008,Lake,7.704114806295195,NA,7,2024
8,JL26,11,-17.3892256993307,-131.566671696929,Lake,7.547133897716606,NA,7,2024
9,JL27,11,-17.4355863891788,-131.542518228978,Lake,7.94217288445239,NA,7,2024
10,JL28,11,-17.3609249739286,-131.227592867882,Lake,7.659806923546796,NA,7,2024
11,JL29,11,-17.3338489403121,-131.235928652782,Lake,7.434862869714806,NA,7,2024
13,JL30,11,-17.3807873196192,-131.378751185172,Lake,7.6675473717815805,NA,7,2024
14,JL31,11,-17.3525558954719,-131.184926149776,Lake,7.63552101399921,NA,7,2024
15,JL32,11,-17.3135880492631,-131.094613478489,Lake,7.4140909156157875,NA,7,2024
20,JL33,11,-17.2626110325816,-130.428392349111,Lake,7.672495911541802,NA,7,2024
21,JL34,11,-17.2839527066437,-130.611420196326,Lake,7.660201456823586,NA,7,2024
22,JL35,11,-17.2362730909217,-130.677709730871,Lake,7.212474996502607,NA,7,2024
23,JL36,11,-17.2813380045476,-130.800768703538,Lake,7.449935332842784,NA,7,2024
24,JL37,11,-17.2486773146005,-130.886531116821,Lake,7.10288739998299,NA,7,2024
25,JL38,11,-17.3019241923468,-130.967991934951,Lake,7.447401603823408,NA,7,2024
27,JL39,11,-17.2947255606873,-130.909463328112,Lake,7.448341157386409,NA,7,2024
28,JL40,11,-17.2942810614097,-130.953723457895,Lake,7.400525033382593,NA,7,2024
29,JL41,11,-17.2736078091412,-130.847824404773,Lake,7.341038068356596,NA,7,2024
6,JL42,11,-17.2162000435569,-130.578472186586,Lake,7.151128161869195,NA,7,2024
7,JL43,11,-17.2140129105538,-130.52208976344,Lake,7.190013520990419,NA,7,2024
8,JL44,11,-17.1860847895112,-130.594285037312,Lake,6.894393278777585,NA,7,2024
9,JL45,11,-17.2048939155578,-130.638085045924,Lake,7.001066278538417,NA,7,2024
10,JL46,11,-17.1290914029671,-130.581944345301,Lake,6.4507868784357925,NA,7,2024
11,JL47,11,-17.1788516779256,-130.508489064738,Lake,6.922324358666799,NA,7,2024
13,JL48,11,-17.1932779044229,-130.603536824438,Lake,6.942686410945186,NA,7,2024
14,JL50,11,-17.1833310655135,-130.6374521867,Lake,6.829196337408007,NA,7,2024
15,JL51,11,-17.204417112782,-130.760795136432,Lake,6.874541765824006,NA,7,2024
20,JL52,11,-17.2127171929026,-130.33040236465,Lake,7.371335178570774,NA,7,2024
21,53,11,-17.3758684832553,-131.201428837116,Stream,7.805519028926398,NA,7,2024
22,JL53,11,-17.2282074484572,-130.615759804987,Lake,7.209899782670618,NA,7,2024
23,JL54,11,-17.1228246185265,-130.414398976987,Lake,6.568197971225004,NA,7,2024
24,JL55,11,-16.9844718533355,-130.061954817156,Lake,5.813820009528001,NA,7,2024
25,JL56,11,-17.2688186387036,-130.919673550561,Lake,7.230875559067812,NA,7,2024
27,JL57,11,-17.1566022003027,-130.529332534223,Lake,6.723485068198613,NA,7,2024
28,JL58,11,-17.1770280326321,-130.859836325507,Lake,6.556387935549822,NA,7,2024
29,JL59,11,-17.2608802590055,-130.987207856159,Lake,7.099834215885011,NA,7,2024
6,JL60,11,-17.2929061711995,-130.808424253049,Lake,7.534825116547012,NA,7,2024
7,1,11,-16.8960924315593,-129.841619363075,Lake.outlet,5.327120089399386,NA,7,2024
8,5,11,-18.2227058645685,-135.582876017038,Stream,10.19877089951001,NA,7,2024
9,10,11,-17.8945727969737,-134.420957440279,Stream,8.7356249355106,NA,7,2024
10,12,11,-18.2879638866317,-138.000870180321,Stream,8.30284091273262,NA,7,2024
11,14,11,-18.1953251920558,-138.001371741493,Stream,7.5612297949534195,NA,7,2024
13,15,11,-17.1106125090346,-130.829000659261,River,6.055899413015794,NA,7,2024
14,16,11,-18.1126371937839,-135.093847893287,Stream,9.807249656984197,NA,7,2024
15,17,11,-18.3396310252988,-135.575050534473,Stream,11.141997667917394,NA,7,2024
20,19,11,-18.3290702701243,-134.135377478286,Stream,12.497184682708422,NA,7,2024
21,20,11,-18.3241314273336,-134.075298872518,Stream,12.517752546150803,NA,7,2024
22,22,11,-19.0511287551599,-138.811122864241,Stream,13.597907177038195,NA,7,2024
23,27,11,-18.3142389503402,-133.867016709923,Stream,12.6468948927986,NA,7,2024
24,30,11,-18.274587092219,-136.742729796744,Stream,9.45396694100802,NA,7,2024
25,34,11,-18.4215584394725,-136.702017569242,Stream,10.670449946537985,NA,7,2024
27,38,11,-19.0375364968707,-139.022431896522,Stream,13.27786007844361,NA,7,2024
28,39,11,-18.9794123932612,-139.484301932206,Stream,12.350997213883602,NA,7,2024
29,40,11,-18.471790007802,-135.293780101985,Stream,12.480539960431003,NA,7,2024
6,1.7,7,-17.7661958047375,-133.50693213813,Stream,8.622634299769999,NA,7,2023
7,15.7,7,-17.6050819079119,-132.953706858018,Stream,7.886948405277195,NA,7,2023
8,34.700000000000003,7,-19.254024134694,-140.959195834759,Stream,13.072997242793008,NA,7,2023
9,JL3.7,7,-17.7548191499074,-133.836814611326,Lake,8.201738587933221,NA,7,2023
10,JL8.7,7,-17.72949874599,-133.66354597267,Lake,8.172443995250006,NA,7,2023
11,JL9,11,-17.2719708663018,-130.833193694541,Lake,7.342573235873402,NA,7,2024
13,AMK.Ranch,11,-18.3480166389262,-137.862878959679,AMK Tap,8.921254151730608,NA,7,2024
14,JL2,12,-17.0115767343215,-129.450309036349,Lake,6.642304838222998,NA,8,2024
15,JL3,12,-16.9416961848897,-129.308909792758,Lake,6.224659686359615,NA,8,2024
20,JL4,12,-17.0078324032257,-128.999352526445,Lake,7.063306699360595,NA,8,2024
21,JL5,12,-16.9443722540506,-129.132718870497,Lake,6.422259161907789,NA,8,2024
22,JL6,12,-17.0623899974557,-129.463556968845,Lake,7.035563010800587,NA,8,2024
23,JL7,12,-16.9453343506906,-129.067694811891,Lake,6.4949799936338195,NA,8,2024
24,JL8,12,-17.0613735534831,-129.537011530319,Lake,6.9539768975458,NA,8,2024
25,JL9,12,-17.0361706282664,-129.475963645872,Lake,6.813401380259194,NA,8,2024
27,JL10,12,-16.9989893827955,-129.409745713632,Lake,6.582169348732009,NA,8,2024
28,JL11,12,-17.0064933936342,-129.569962736441,Lake,6.481984412632613,NA,8,2024
29,JL12,12,-17.051643964249,-129.70668681552,Lake,6.7064648984720066,NA,8,2024
6,JL13,12,-17.0915845262581,-129.602719398975,Lake,7.129956811089784,NA,8,2024
7,JL14,12,-17.0107214619978,-129.245817317668,Lake,6.839954378314388,NA,8,2024
8,JL15,12,-16.9998195460379,-129.272946853554,Lake,6.725609514749209,NA,8,2024
9,JL16,12,-17.0393094077913,-129.472464081018,Lake,6.842011181312415,NA,8,2024
10,JL17,12,-17.0697070166798,-129.543385993863,Lake,7.0142701395753875,NA,8,2024
11,JL18,12,-17.0011344003305,-129.370155832373,Lake,6.638919370270997,NA,8,2024
13,JL20,12,-17.0387852700324,-129.443954396818,Lake,6.866327763441205,NA,8,2024
14,JL21,12,-16.9188181470966,-128.937037243187,Lake,6.413507933585805,NA,8,2024
15,JL26,12,-16.9782519040465,-129.381890807203,Lake,6.4441244251689795,NA,8,2024
20,JL27,12,-17.0344016492053,-129.032958135664,Lake,7.2422550579784115,NA,8,2024
21,JL28,12,-17.0254708318987,-129.283347178238,Lake,6.920419476951622,NA,8,2024
22,JL29,12,-17.0154723833354,-129.393430918509,Lake,6.730348148174187,NA,8,2024
23,JL30,12,-16.9352846619905,-129.176593634172,Lake,6.305683661751999,NA,8,2024
24,JL31,12,-17.0303545187173,-129.426568669792,Lake,6.81626747994639,NA,8,2024
25,JL32,12,-17.0080585583163,-129.451419423018,Lake,6.6130490435124045,NA,8,2024
27,JL33,12,-17.0397120015573,-129.620816779876,Lake,6.696879232582404,NA,8,2024
28,JL34,12,-17.0123792302135,-129.549056563324,Lake,6.549977278384006,NA,8,2024
29,JL35,12,-17.0851525873939,-129.687374111411,Lake,6.993846587740194,NA,8,2024
6,JL36,12,-17.0339090369454,-129.584376778817,Lake,6.686895516746205,NA,8,2024
7,JL37,12,-17.0777606528961,-129.43459583807,Lake,7.187489385098786,NA,8,2024
8,JL38,12,-17.10574631902,-129.465916786966,Lake,7.380053765193992,NA,8,2024
9,JL39,12,-17.0887035624643,-129.438739288595,Lake,7.270889211119396,NA,8,2024
10,JL40,12,-17.0825326636235,-129.587745229044,Lake,7.072516079943995,NA,8,2024
11,JL41,12,-17.061310820679,-129.469755018504,Lake,7.020731546928005,NA,8,2024
13,JL42,12,-17.0373323904316,-129.505819770479,Lake,6.7928393529738,NA,8,2024
14,JL44,12,-17.0585622705628,-129.544654044444,Lake,6.923844120058391,NA,8,2024
15,JL45,12,-17.1109918260645,-129.679178619204,Lake,7.208755989311982,NA,8,2024
20,JL46,12,-17.0211828520935,-129.025999179198,Lake,7.143463637549985,NA,8,2024
21,JL47,12,-16.9476032445694,-128.872567874433,Lake,6.7082580821221995,NA,8,2024
22,JL48,12,-16.9132279547205,-128.912418659816,Lake,6.393404977947995,NA,8,2024
23,JL50,12,-17.0976100780272,-129.601899222815,Lake,7.178981401402581,NA,8,2024
24,JL51,12,-17.0382473531407,-129.576693375543,Lake,6.729285449582619,NA,8,2024
25,JL52,12,-17.0621920126054,-129.659346195426,Lake,6.8381899054172095,NA,8,2024
27,JL53,12,-16.9565997001038,-129.498135434696,Lake,6.154662166134415,NA,8,2024
28,JL54,12,-16.8953024359839,-129.553769942614,Lake,5.608649545257208,NA,8,2024
29,JL55,12,-16.784652920531,-128.787940541845,Lake,5.489282822402998,NA,8,2024
6,JL56,12,-17.2108335759517,-129.720996799342,Lake,7.965671808271594,NA,8,2024
7,JL57,12,-17.1696078951193,-129.526578944115,Lake,7.830284216839402,NA,8,2024
8,JL58,12,-17.1401927555974,-129.496703884423,Lake,7.624838160356205,NA,8,2024
9,JL59,12,-17.1345497103389,-129.452015811436,Lake,7.624381871275176,NA,8,2024
10,JL60,12,-17.1224296281251,-129.621996832647,Lake,7.357440192353806,NA,8,2024
11,1,12,-17.113812542306,-129.745070565679,Lake.outlet,7.165429772769016,NA,8,2024
13,5,12,-18.5840064072954,-137.423214472661,Stream,11.248836785702224,NA,8,2024
14,7,12,-17.4147111130268,-133.057701331912,Stream,6.259987572302407,NA,8,2024
15,10,12,-17.8243874678591,-133.125561649727,Stream,9.469538093145815,NA,8,2024
20,12,12,-18.0461176506835,-134.507658988359,Stream,9.861282217108993,NA,8,2024
21,14,12,-18.2873949016256,-137.359632146747,Stream,8.939527066257796,NA,8,2024
22,15,12,-17.2777571304803,-130.764359825362,River,7.457697218480405,NA,8,2024
23,16,12,-18.3635660431789,-135.814909528523,Stream,11.09361881690819,NA,8,2024
24,17,12,-18.0754930980201,-133.504609916712,Stream,11.099334867448789,NA,8,2024
25,19,12,-18.3566665614668,-135.393394848881,Stream,11.45993764285339,NA,8,2024
27,20,12,-18.1325770932009,-133.168945980481,Stream,11.891670765126207,NA,8,2024
28,22,12,-18.4807053509737,-135.383927221191,Stream,12.461715586598615,NA,8,2024
29,27,12,-17.8316362906269,-131.62219258395,Stream,11.03089774106519,NA,8,2024
6,30,12,-18.0387368906632,-134.799875633665,Stream,9.510019491640577,30,8,2024
7,34,12,-18.4303099556926,-135.527939238955,Stream,11.914540406585786,34,8,2024
8,38,12,-18.2027785203935,-134.367828534881,Stream,11.25439962826701,38,8,2024
9,39,12,-18.4731722288249,-136.038289102733,Stream,11.747088727866213,39,8,2024
10,40,12,-17.4599610911431,-131.275819840342,Stream,8.403868888802805,40,8,2024
11,AMK.RANCH,12,-18.158165509393,-137.800394340452,AMK Tap,7.464929734692021,AMK.RANCH,8,2024
13,RG33.7,7,-19.3965188629426,-143.42331698168,Rock Glacier,11.748833921860808,WP33.7,7,2023
14,RG34.7,7,-18.7091232497821,-139.321326864812,Rock Glacier,10.351659133444798,WP34.7,7,2023
15,RG35.7,7,-19.3606322531695,-143.058431035921,Rock Glacier,11.826626989434999,WP35.7,7,2023
20,RG36.7,7,-19.4729789643844,-143.719237222505,Rock Glacier,12.064594492570194,WP36.7,7,2023
21,RG37.7,7,-19.0689680657394,-141.983764481376,Rock Glacier,10.567980044539212,WP37.7,7,2023
22,RG38.7,7,-19.2965432786425,-142.702930135911,Rock Glacier,11.669416093228989,WP38.7,7,2023
23,RG33.8,8,-18.4620988535072,-136.649048276278,Rock Glacier,11.047742551779606,WP33.8,8,2023
24,RG34.8,8,-17.6674694014322,-131.242358958983,Rock Glacier,10.097396252474596,WP34.8,8,2023
25,RG35.8,8,-18.5854044792633,-137.249416363007,Rock Glacier,11.433819471099412,WP35.8,8,2023
27,RG36.8,8,-17.7970717968973,-131.044380875673,Rock Glacier,11.332193499505394,WP36.8,8,2023
28,RG37.8,8,-18.1294607576359,-134.548523244964,Rock Glacier,10.487162816123202,WP37.8,8,2023
29,RG38.8,8,-18.4078742200511,-135.437458502866,Rock Glacier,11.825535257542782,WP38.8,8,2023
6,RG33.9,9,-17.0165801495268,-123.875849160629,Rock Glacier,12.256792035585391,WP33.9,9,2023
7,RG34.9,9,-16.1235365671027,-118.31701016037,Rock Glacier,10.6712823764516,WP34.9,9,2023
8,RG35.9,9,-18.2319188153508,-130.731688935138,Rock Glacier,15.12366158766838,WP35.9,9,2023
9,RG36.9,9,-17.3275289086483,-124.90186312855,Rock Glacier,13.7183681406364,WP36.9,9,2023
10,RG37.9,9,-16.7108711212169,-119.303823112162,Rock Glacier,14.383145857573211,WP37.9,9,2023
11,RG38.9,9,-17.7838650054408,-128.722008252394,Rock Glacier,13.548911791132383,WP38.9,9,2023
13,RG33.10,10,-19.4435142249042,-141.546185902557,Rock Glacier,14.001927896676591,WP33.10,6,2024
14,RG34.10,10,-19.1560446155568,-139.597409743689,Rock Glacier,13.6509471807654,WP34.10,6,2024
15,RG35.10,10,-19.2560525748319,-139.54874248759,Rock Glacier,14.499678111065208,WP35.10,6,2024
20,RG36.10,10,-19.0087050767694,-137.885469003791,Rock Glacier,14.184171610364189,WP36.10,6,2024
21,RG37.10,10,-18.8077476282786,-137.377787242966,Rock Glacier,13.084193783262805,WP37.10,6,2024
22,RG38.10,10,-19.2047355936238,-138.994908992974,Rock Glacier,14.642975756016398,WP38.10,6,2024
23,RG33.11,11,-18.8464357517473,-136.610578653716,Rock Glacier,14.1609073602624,WP33.11,7,2024
24,RG34.11,11,-18.0166460454232,-132.177689913705,Rock Glacier,11.955478449680612,WP34.11,7,2024
25,RG35.11,11,-19.1583057570572,-138.974384617508,Rock Glacier,14.292061438949588,WP35.11,7,2024
27,RG36.11,11,-19.0514495902572,-139.154174217369,Rock Glacier,13.257422504688606,WP36.11,7,2024
28,RG37.11,11,-17.7164353611328,-129.335258903115,Rock Glacier,12.396223985947387,WP37.11,7,2024
29,RG38.11,11,-19.1189058805351,-137.86401925445,Rock Glacier,15.087227789830791,WP38.11,7,2024
6,RG45.11,11,-19.0272211142614,-139.463530358882,Rock Glacier,12.754238555209213,WP45.11,7,2024
7,RG42.11,11,-18.0363749985708,-135.594907083218,Rock Glacier,8.696092905348394,WP42.11,7,2024
8,RG43.11,11,-18.557588761493,-136.708817012003,Rock Glacier,11.751893079940999,WP43.11,7,2024
9,RG44.11,11,-18.4301747789318,-136.83090951992,Rock Glacier,10.610488711534401,WP44.11,7,2024
10,RG33.12,12,-16.9689997015811,-123.274852042925,Rock Glacier,12.477145569723803,WP33.12,8,2024
11,RG34.12,12,-16.6248273631935,-124.228765938665,Rock Glacier,8.769852966882993,WP34.12,8,2024
13,RG35.12,12,-18.3153902919661,-134.450166915282,Rock Glacier,12.072955420446789,WP35.12,8,2024
14,RG36.12,12,-17.2393442237863,-126.408742730663,Rock Glacier,11.506011059627411,WP36.12,8,2024
15,RG37.12,12,-17.1492285408953,-126.370165936657,Rock Glacier,10.823662390505405,WP37.12,8,2024
20,RG38.12,12,-17.7900781837503,-130.352939694347,Rock Glacier,11.967685775655411,WP38.12,8,2024
21,RG40.12,12,-15.2250987710601,-109.935244267292,Rock Glacier,11.865545901188796,WP40.12,8,2024
22,RG41.12,12,-15.432232069427,-112.46983054252,Rock Glacier,10.988026012896,WP41.12,8,2024
23,RG42.12,12,-16.3394299559779,-126.232172055704,Rock Glacier,4.483267592119191,WP42.12,8,2024
24,RG43.12,12,-17.2696602127929,-128.968066842359,Rock Glacier,9.18921485998419,WP43.12,8,2024
25,RG44.12,12,-16.8991114316743,-125.522664062666,Rock Glacier,9.6702273907284,WP44.12,8,2024
27,RG46.12,12,-16.1768810554347,-116.925609154226,Rock Glacier,12.489439289251592,WP46.12,8,2024
28,RG47.12,12,-17.3075514429024,-129.736122930193,Rock Glacier,8.724288613026204,WP47.12,8,2024
29,RG48.12,12,-17.2177853996512,-125.435854291855,Rock Glacier,12.306428905354593,WP48.12,8,2024
6,RG49.12,12,-16.9516994548009,-123.395115709037,Rock Glacier,12.21847992937019,WP49.12,8,2024
7,RG50.12,12,-18.2429115341454,-133.444068019225,Rock Glacier,12.499224253938195,WP50.12,8,2024
8,RG51.12,12,-18.0732233497799,-132.791237177154,Rock Glacier,11.794549621085224,WP51.12,8,2024
9,RG52.12,12,-18.0925542638601,-133.765971135518,Rock Glacier,10.974462975362826,WP52.12,8,2024
10,RG53.12,12,-18.0157195027763,-131.909517396708,Rock Glacier,12.216238625502399,WP53.12,8,2024
11,RG45.SP.11,11,-18.2752171067707,-137.902855660962,Snow Pack,8.298881193203613,WP45.SP.11,7,2024
13,SPOT,NA,-19.4526811123968,-146.906446913211,Snow Pack,8.715001985963397,SPOT,NA,NA
14,SPOM,NA,-21.0271964707688,-154.53765058943,Snow Pack,13.679921176720399,SPOM,NA,NA
15,SPOB,NA,-19.6221820179951,-143.846442188835,Snow Pack,13.131013955125809,SPOB,NA,NA
20,SPCT,NA,-18.7075702884111,-142.877133090548,Snow Pack,6.783429216740814,SPCT,NA,NA
21,SPCM,NA,-23.4476548886724,-178.044894536866,Snow Pack,9.536344572513201,SPCM,NA,NA
22,SPCB,NA,-20.3886969001033,-150.770464952219,Snow Pack,12.339110248607426,SPCB,NA,NA
23,RG33.13,13,-17.388118696302,-129.064907633855,Rock Glacier,10.04004193656101,WP33.13,9,2024
24,RG34.13,13,-16.7803303174614,-125.280210918211,Rock Glacier,8.962431621480192,WP34.13,9,2024
25,RG35.13,13,-17.686656192748,-129.567054194744,Rock Glacier,11.926195347239997,WP35.13,9,2024
27,RG36.13,13,-16.8236086841728,-123.115650602867,Rock Glacier,11.473218870515396,WP36.13,9,2024
28,RG37.13,13,-17.4976392276742,-128.747569374395,Rock Glacier,11.233544446998593,WP37.13,9,2024
29,RG38.13,13,-17.5689821609203,-128.199672853006,Rock Glacier,12.352184434356388,WP38.13,9,2024
6,WPRG40.13,13,-14.6176820071425,-103.747871004447,Lake,13.193585052692995,WP40.13,9,2024
7,RG42.13,13,-15.3678242577514,-119.018094679341,Rock Glacier,3.9244993826701915,WP42.13,9,2024
8,RG43.13,13,-16.8689932177466,-126.590844556236,Rock Glacier,8.3611011857368,WP43.13,9,2024
9,RG44.13,13,-16.656093148947,-120.949046355402,Rock Glacier,12.299698836174002,WP44.13,9,2024
10,RG46.13,13,-16.0055116436637,-115.98436278668,Rock Glacier,12.059730362629594,WP46.13,9,2024
11,RG47.13,13,-16.6592138027268,-125.598112116861,Rock Glacier,7.675598304953397,WP47.13,9,2024
13,RG48.13,13,-17.3728621539742,-129.503467471754,Rock Glacier,9.479429760039608,WP48.13,9,2024
14,RG49.13,13,-17.3577812733174,-129.117663794967,Rock Glacier,9.744586391572199,WP49.13,9,2024
15,RG50.13,13,-17.5486419926409,-128.707947881196,Rock Glacier,11.681188059931202,WP50.13,9,2024
20,RG51.13,13,-17.2657102630896,-126.33164631913,Rock Glacier,11.794035785586786,WP51.13,9,2024
21,RG52.13,13,-17.1811867021916,NA,Rock Glacier,NA,WP52.13,9,2024
21,WPRG52.13,13,NA,-126.083172088811,Lake,NA,WP52.13,9,2024
22,RG53.13,13,-17.4543704418232,-127.884432636881,Rock Glacier,11.750530897704607,WP53.13,9,2024
23,RG70.13,13,-16.7336070791806,-125.613664615082,Rock Glacier,8.255192018362806,WP70.13,9,2024
24,RG71.13,13,-16.6109229606,-121.820428999984,Rock Glacier,11.066954684815997,WP71.13,9,2024
25,RG72.13,13,-16.7885031921247,-126.902926910641,Rock Glacier,7.4050986263566045,WP72.13,9,2024
27,RG73.13,13,-17.1130252441514,-125.485125300326,Rock Glacier,11.41907665288521,WP73.13,9,2024
28,RG74.13,13,-16.8620722158013,-122.351951644069,Rock Glacier,12.54462608234141,WP74.13,9,2024
29,RG75.13,13,-16.6540929477678,-120.666666772912,Rock Glacier,12.56607680923041,WP75.13,9,2024
NA,1,1,-17.7618783333333,-133.6969528,Lake.outlet,8.39807386666669,NA,5,2022
NA,2,1,-17.2039491666667,-130.981354133333,Bay,6.65023920000002,NA,5,2022
NA,3,1,-18.8933383333333,-138.786024833333,Stream,12.3606818333333,NA,5,2022
NA,10,1,-18.581305,-137.6258756,Stream,11.0245644,NA,5,2022
NA,12,1,-18.8183825,-138.679006166667,Stream,11.8680538333333,NA,5,2022
NA,14,1,-18.8383933333333,-139.543850766667,Stream,11.1632959,NA,5,2022
NA,15,1,-17.844635,-134.118673233333,River,8.63840676666663,NA,5,2022
NA,29,1,-17.3881166666667,-130.803101166667,Stream,8.30183216666669,NA,5,2022
NA,30,1,-18.5443358333333,-136.379108133333,Stream,11.9755785333333,NA,5,2022
NA,33,1,-18.5450141666667,-137.112520433333,Stream,11.2475929,NA,5,2022
NA,1,2,-17.0757945666667,-131.431335333333,Lake.outlet,5.17502120000003,NA,6,2022
NA,2,2,-17.7953955,-131.849682333333,Bay,10.5134816666667,NA,6,2022
NA,3,2,-18.9287328333333,-139.473904833333,Stream,11.9559578333333,NA,6,2022
NA,8,2,-15.5816326666667,-124.045254,Bay,0.607807333333355,NA,6,2022
NA,9,2,-17.6271017333333,-132.321585833333,Bay,8.69522803333334,NA,6,2022
NA,10,2,-18.9618454,-139.525777166667,Stream,12.1689860333333,NA,6,2022
NA,12,2,-18.1756779666667,-137.744939333333,Stream,7.66048439999997,NA,6,2022
NA,14,2,-18.2091319,-137.427642333333,Stream,8.24541286666667,NA,6,2022
NA,15,2,-18.8536321666667,-137.998238,River,12.8308193333334,NA,6,2022
NA,29,2,-19.1717859,-138.89152,Stream,14.4827672,NA,6,2022
NA,30,2,-18.8857206333333,-139.020527166667,Stream,12.0652379,NA,6,2022
NA,31,2,-17.5571215666667,-132.6759345,Stream,7.78103803333332,NA,6,2022
NA,33,2,-18.1050150666667,-137.239015666667,Stream,7.60110486666667,NA,6,2022
NA,34,2,-18.7689732333333,-139.7090145,Stream,10.4427713666666,NA,6,2022
NA,35,2,-18.8642145333333,-141.345350833333,Stream,9.56836543333336,NA,6,2022
NA,36,2,-18.7600977,-141.152682166667,Stream,8.9280994333333,NA,6,2022
NA,1,3,-17.0416579,-130.912612,Lake.outlet,5.42065120000001,NA,6,2022
NA,2,3,-17.2668114666667,-132.556604093333,Bay,5.57788764,NA,6,2022
NA,3,3,-18.5581621333333,-139.183369533333,Stream,9.28192753333335,NA,6,2022
NA,8,3,-15.9884770666667,-126.711208973333,Bay,1.19660756000002,NA,6,2022
NA,9,3,-17.1304832,-132.42917668,Bay,4.61468892000005,NA,6,2022
NA,10,3,-18.4790369333333,-138.684728786667,Stream,9.14756668000004,NA,6,2022
NA,12,3,-18.2875608,-138.34381996,Stream,7.95666644000005,NA,6,2022
NA,14,3,-18.1933641333333,-137.835527666667,Stream,7.71138539999998,NA,6,2022
NA,15,3,-17.6028366666667,-134.346729773333,River,6.47596356,NA,6,2022
NA,31,3,-16.9955250666667,-131.06648628,Stream,4.89771425333333,NA,6,2022
NA,33,3,-18.0111364,-136.47533452,Stream,7.61375668000005,NA,6,2022
NA,35,3,-19.3322874666667,-141.994871826667,Stream,12.6634279066667,NA,6,2022
NA,36,3,-19.1288226666667,-141.277012733333,Stream,11.7535686,NA,6,2022
NA,1,4,-17.359638,-130.854624706667,Lake.outlet,8.02247929333336,NA,7,2022
NA,2,4,-17.1524053333333,-130.178274013333,Bay,7.04096865333335,NA,7,2022
NA,3,4,-18.0923168,-133.038573986667,Stream,11.6999604133333,NA,7,2022
NA,8,4,-15.7254114666667,-123.750748893333,Bay,2.05254284,NA,7,2022
NA,9,4,-17.0869814666667,-129.1832198,Bay,7.51263193333335,NA,7,2022
NA,10,4,-18.1788016666667,-136.701461793333,Stream,8.72895153999997,NA,7,2022
NA,12,4,-18.5305416666667,-139.496456743333,Stream,8.74787658999998,NA,7,2022
NA,14,4,-18.4391983333333,-139.992008893333,Stream,7.52157777333335,NA,7,2022
NA,15,4,-17.5775716666667,-132.909300743333,River,7.71127258999997,NA,7,2022
NA,16,4,-18.3880733333333,-136.816299226667,Stream,10.28828744,NA,7,2022
NA,29,4,-17.5226975,-132.915362543333,Stream,7.26621745666662,NA,7,2022
NA,30,4,-18.9841908333333,-140.176557026667,Stream,11.69696964,NA,7,2022
NA,31,4,-17.341715,-132.073782643333,Stream,6.65993735666666,NA,7,2022
NA,33,4,-17.7275383333333,-134.35083046,Stream,7.46947620666668,NA,7,2022
NA,34,4,-19.0049816666667,-138.284096743333,Stream,13.75575659,NA,7,2022
NA,35,4,-19.29469,-141.96445126,Stream,12.39306874,NA,7,2022
NA,36,4,-18.7735558333333,-138.05307481,Stream,12.1353718566666,NA,7,2022
NA,1,5,-17.2207191666667,-131.429379626667,Lake.outlet,6.33637370666665,NA,7,2022
NA,2,5,-17.0584825,-129.75952211,Bay,6.70833789,NA,7,2022
NA,3,5,-17.9473758333333,-134.710834026667,Stream,8.86817263999998,NA,7,2022
NA,8,5,-13.7984116666667,-116.517856776667,Bay,-6.13056344333333,NA,7,2022
NA,9,5,-16.5209883333333,-127.39861939333299,Bay,4.76928727333332,NA,7,2022
NA,10,5,-18.6922562333333,-137.165244266667,Stream,12.3728056,NA,7,2022
NA,12,5,-18.847621,-139.485274133333,Stream,11.2956938666667,NA,7,2022
NA,14,5,-18.2910955666667,-138.609237866667,Stream,7.71952666666664,NA,7,2022
NA,15,5,-17.4585172,-131.822400533333,River,7.84573706666666,NA,7,2022
NA,16,5,-18.5674884666667,-136.3893168,Stream,12.1505909333333,NA,7,2022
NA,17,5,-18.7017753,-136.0455088,Stream,13.5686936,NA,7,2022
NA,19,5,-18.4787571666667,-135.944725866667,Stream,11.8853314666667,NA,7,2022
NA,20,5,-18.3499098,-134.1869232,Stream,12.6123552,NA,7,2022
NA,29,5,-17.5683264333333,-132.2120496,Stream,8.33456186666663,NA,7,2022
NA,30,5,-18.8568001,-139.298876266667,Stream,11.5555245333333,NA,7,2022
NA,31,5,-17.2762950666667,-131.3707312,Stream,6.83962933333331,NA,7,2022
NA,34,5,-18.9370322333333,-137.9162288,Stream,13.5800290666666,NA,7,2022
NA,36,5,-19.0145446333333,-140.589167466667,Stream,11.5271896,NA,7,2022
NA,37,5,-17.1664858333333,-130.8894,Stream,6.44248666666664,NA,7,2022
NA,1,6,-17.182487,-129.0967375,Lake.outlet,8.36315850000003,NA,8,2022
NA,2,6,-16.9193468,-127.977925,Bay,7.37684940000001,NA,8,2022
NA,3,6,-18.1006211333333,-133.858525,Stream,10.9464440666667,NA,8,2022
NA,9,6,-17.0440275333333,-128.5013875,Bay,7.85083276666668,NA,8,2022
NA,10,6,-17.7490954,-131.8831375,Stream,10.1096257,NA,8,2022
NA,12,6,-18.0008093333333,-132.963475,Stream,11.0429996666667,NA,8,2022
NA,14,6,-18.1517032666667,-135.775525,Stream,9.43810113333333,NA,8,2022
NA,15,6,-17.0984703333333,-130.0093375,River,6.77842516666667,NA,8,2022
NA,16,6,-18.4481140666667,-136.3563625,Stream,11.2285500333333,NA,8,2022
NA,29,6,-16.9519452666667,-128.2793125,Stream,7.33624963333335,NA,8,2022
NA,30,6,-17.6213900666667,-128.6212,Stream,12.3499205333334,NA,8,2022
NA,31,6,-16.9048959333333,-128.1713125,Stream,7.06785496666669,NA,8,2022
NA,34,6,-18.3442694666667,-134.143375,Stream,12.6107807333333,NA,8,2022
NA,36,6,-18.2770561333333,-132.63475,Stream,13.5816990666666,NA,8,2022
